+6281572153101
+6287820832323
+6285863584466
+6281903330008
+6287737201057
+6281903156867
+6287820727783
+6287820480508
+6281914922202
+6287837448813
+6287879170733
+6281222260018
+6287837273252
+6287879328547
+6281906000760
+6281905056343
+6287837393718
+6281903103454
+6281210456328
+6285720482275
+6281210232223
+6281212212251
+6287779161887
+6287879018314
+6281210626274
+6281298271273
+6285817257722
+6285926088341
+6281912458365
+6287737443088
+6287737198282
+6283825208528
+6281906675051
+6281905140176
+6285759953811
+6281804835775
+6287837313133
+6285720188122
+6287871120815
+6281221218628
+6281912740786
+6285888813513
+6287879688850
+6287779184555
+6285724037103
+6281903224480
+6281912235287
+6281931152261
+6285862680158
+6283862703278
+6282117886004
+6281912005284
+6281905657637
+6287779084265
+6285944618071
+6281802902470
+6281906671045
+6285888200278
+6285863445137
+6281213183736
+6281910503863
+6287879010118
+6281906801320
+6287828714402
+6285215130180
+6281910531345
+6285846952284
+6285920701101
