+6281251742572
+6285820805702
+6285650952863
+6285822831332
+6281350872788
+6285246488887
+6285651111738
+6285828506334
+6285349548834
+6285654070652
+6281350388860
+6281952111226
+6281346538317
+6285652314445
+6281347136368
+6285247551777
+6285845041226
+6285821563383
+6285652225135
+6285650907773
+6285650842000
+6287812185621
+6285845020004
+6287812066560
+6285251712420
+6285246653340
+6285249002413
+6285654046303
+6281255268243
+6285750322377
+6285822661010
+6281528250441
+6285822152155
+6281933808686
+6281522910761
+6287811002553
