+6281513816141
+6287879371002
+6287879586233
+6281218627823
+6281903552388
+6281910006400
+6281912473820
+6281911877738
+6281905612346
+6281912716503
+6287719496726
+6281911188337
+6281212117014
+6287737197113
+6285720457184
+6287727757361
+6287879320657
+6281321061212
+6287826415267
+6281804841743
+6287879241172
+6283829500577
+6287719494020
+6285846286348
+6281906678662
+6282130720250
+6281299114447
+6281573033352
+6285920708742
+6287879450585
+6287719661524
+6281211630402
+6287886580186
+6287837407010
+6281646870145
+6287879178280
+6287737071313
+6281906262432
+6281903024007
+6281902981825
+6287779332808
+6285624443563
+6285711634246
+6285926267750
+6287879338034
+6285722151351
+6287837333050
+6281546251126
+6287727933641
+6285216160815
+6281903377654
+6281220765075
+6287719303132
+6281912322522
+6281903181070
+6287779272686
+6281903254321
+6285218876573
+6281906653178
+6287737072230
+6281914927066
+6281912473188
+6281546773814
+6281905507272
+6285720034880
+6281912762621
+6281905927111
+6281906668767
+6281905088351
+6281902904433
+6287879033046
+6285811364878
+6285294276020
+6281212355563
+6287879287654
+6285817061342
+6283816725175
+6282118630811
+6287879522014
