+6287737367400
+6287879151144
+6281912488067
+6285817481033
+6285724313600
+6285210182220
+6287779304745
+6281906001346
+6281546053778
+6285864208745
+6287772107603
+6281219387172
+6281914917337
+6285294435766
+6281517306525
+6281223506110
+6285881523022
+6281911813546
+6287878620070
+6282115086815
+6287879335376
+6281906771163
+6287879423441
+6281914967388
+6285222737212
+6287879017544
+6287827956184
+6287779242023
+6287879150151
+6281572336524
+6281283102863
+6287820206575
+6282132073404
+6281322401003
+6281802816126
+6287837341844
+6281903133458
+6281905646554
+6287879320210
+6287837471052
+6281905645588
+6282110113488
+6287837488808
+6287879345853
+6281906774601
+6281212471130
+6282112426570
+6285846062326
+6281912706838
+6282119623555
+6281905251181
+6281322817271
+6281914923815
+6285759966106
+6287719334070
+6281906780048
+6287779927107
+6287879234377
+6287871350046
+6281802800033
+6281914963707
+6282115560132
+6281903552563
+6285944614833
+6281210456861
+6287737400770
+6285872057058
+6281312236247
+6287886827770
+6287727932442
+6281910644548
+6281912748516
+6281298123278
+6285710787374
+6281919280108
+6281906813125
+6282116078314
+6285215454823
+6281903017007
+6281909318888
+6281918421156
+6281912265655
+6285215527888
+6287879100880
+6281224561517
+6281910871403
+6281806765220
+6281312726746
+6281912667161
+6285846030406
+6285924006576
+6287779313750
+6287837436715
+6287737567871
+6285862708076
+6281903126521
+6281914968018
+6285846816645
+6287888855272
+6287779107713
+6281220011878
+6285219337670
+6285218815007
+6281911730024
+6281546846364
+6287737264784
+6287879175766
+6287772152708
+6282112483121
+6281914950725
+6281905947602
+6287719472581
+6287719474320
+6287821133275
+6281903233485
+6287879005315
+6287837425660
+6281905924083
+6285885057143
+6287879234002
+6287779084378
+6287879527827
+6281931838404
+6281910547527
+6287719313735
+6281910607637
+6285213883122
+6285880121664
+6281914964555
+6281903186244
+6287879058135
+6282111106225
+6281903547152
