+6281818637754
+6281312123488
+6283812831647
+6287737178167
+6287871951164
+6281906781255
+6281906655471
+6281905425576
+6285920067025
+6281905660874
+6282116010125
+6287871918134
+6283818012007
+6285846241330
+6287720968323
+6287719663081
+6281911731581
+6281902953644
+6283817236076
+6281211632278
+6281224882325
+6287737184086
+6282131178308
+6281906801021
+6281806818621
+6285759912260
+6285322546771
+6287879218756
+6282112671105
+6285926906777
+6281804834122
+6281903348786
+6281804868678
+6287879335525
+6281903570881
+6287871055060
+6285220515505
+6281902988234
+6287871786041
+6281906600525
+6281906781245
+6287879570765
+6281911803578
+6287877117282
+6281211702441
+6285781763325
+6281903572261
+6281906768106
+6281914913187
+6287719381603
+6287879105603
+6287879166285
+6282113764682
+6281912791365
+6281322248804
+6281903058537
+6287779170522
+6282116725253
+6281322772708
+6281910166574
+6281804840854
+6287719534335
+6287737450080
+6281912742343
+6281646854154
+6287879766100
+6285811201740
+6281910917114
+6285923237474
+6287719380024
+6281906811777
+6281905533375
+6285720533250
+6281906525214
+6285221843720
+6287820051065
+6285711710280
+6281910011441
+6285624622145
+6281322535285
+6287837258160
+6287837043078
+6285720520550
+6287879108060
+6281931113164
+6281903224717
+6281905100377
+6281902928260
+6282114744711
+6281906657714
+6281906768180
+6285817624251
+6285720111384
+6281906773517
+6281320446120
+6281322128046
+6287837258113
+6281224167622
+6283819562013
+6287719576882
+6285864577703
+6287770581418
+6281546461265
+6281905036001
+6287719363842
+6285885207681
+6282111763117
+6281906761767
+6287879486204
+6281906600012
+6281546027713
+6285724337341
+6281903563040
+6285890071300
+6281617145820
+6281299136661
+6281224661142
+6287837397742
+6287737152423
+6281219666715
+6285846048886
+6287837384546
+6287737068060
+6287737061021
+6287779277771
