+6287860520734
+6281997660130
+6281933052728
+6285937085221
+6281915633425
+6281934352673
+6281917156567
+6285646916014
+6285338426430
+6285338380081
+6287863627088
+6281236287504
+6287863265632
+6287863331002
+6281936685600
+6283119833145
+6287863312854
+6281916178713
+6285935327510
+6281917804472
+6285339164203
+6285646967487
+6285935388387
+6282146472284
+6281936280711
+6287863205222
+6281805344716
+6287863227165
+6281239320783
+6281805232131
+6281936281388
+6281338206150
+6285338024052
+6281805718484
+6285646912674
+6281238284828
+6282145502520
+6281933152288
+6287863076744
+6281936352035
+6281933136318
+6281916064063
+6281236181422
+6281337745158
+6281547481367
+6287864310838
+6287863961815
+6281558426657
+6287866232435
+6287863202464
+6281338558305
+6287866737212
+6281339570581
+6281935156046
+6281805431654
+6281238176682
+6285237715318
+6281805780052
+6281237751207
+6281933114417
+6281917935264
+6285339224786
+6281916408623
+6281915765433
+6285239816262
+6287863666822
+6287865010732
+6285338325143
+6281933141417
+6281547338468
+6281933126428
+6281338405544
+6281933005174
+6287863426523
+6281916476778
+6285792081357
+6285858567658
+6282145701878
+6281933153371
+6285857170237
+6281246483135
+6281935215264
+6282144378810
+6285857254501
+6285337271830
+6281915777732
+6281239578163
+6281933166405
+6281936004677
+6285737545173
+6281933145871
+6282147412085
+6287865342628
+6287866835200
+6281338456600
+6281936121108
+6281803683882
+6287762726145
+6281936757858
+6285646948611
+6283119132084
+6281997750887
+6285646935022
+6281933124485
+6281253780307
+6283117556885
+6287860150015
+6281239430732
+6285935383857
+6281936365544
+6281529082175
+6285337162606
+6285646970020
+6281805755747
+6287863202780
+6281915961750
+6281999082042
+6281933170681
+6283117545005
+6285646965100
+6281936006833
+6287863881643
+6287863136264
+6287863003887
+6281238401575
+6281936180208
+6281997873551
+6281918022006
+6281917551181
+6285646946053
+6281936515175
+6281253778850
+6281917803733
+6283117536580
+6285737580075
+6281805464875
+6281997775066
+6287863087654
+6281933124848
+6281917338780
+6281936424737
+6281253824765
+6281933112502
+6281805553663
+6287864073205
+6285646923646
+6281936718828
+6281805788761
+6281917501034
+6285646921647
+6281915833688
+6281558420370
+6281916200401
+6285338334237
+6281933146256
+6281917802205
+6281918033154
+6285646905731
+6281933020370
+6281917804652
+6281916058855
+6281805664516
+6287863037347
+6285338052277
+6281805541282
+6287864581086
+6281236332382
+6281918378221
+6287762503025
+6281239217782
+6287762523773
+6281805618235
+6285239106446
+6281997956621
+6287863501573
+6281933107808
+6281916382722
+6285857331702
+6287866233357
+6287866106322
+6281337630434
+6281917116746
+6285935053543
+6281237380187
+6287863387728
+6285937044440
+6287863336700
+6281917807441
+6282144761723
+6281933117210
+6281917700186
+6281916108462
+6285646911370
+6281933171787
+6281805608452
+6281916377773
+6287865476706
+6287860183000
+6287866843280
+6281915660232
+6281805677447
+6281915775188
+6285737513118
+6287864246782
+6281933145131
+6281337254200
+6285857354438
+6282144467375
+6281915791883
+6281918026142
+6285857035650
+6281933146656
+6281998903047
+6281916445054
+6287863987786
+6285935375763
+6287863926831
+6281999723651
+6281915975800
+6281997927706
+6285935240888
+6281337440855
+6287866851884
+6282146842323
+6281337265760
+6287863047484
+6281253865470
+6281236075845
+6281936070372
+6287762654542
+6282144810612
+6287863673728
+6281916626018
+6281918151334
+6281558432568
+6281558422268
+6281915966706
+6281933147344
+6281934355154
+6281936550132
+6281237723028
+6281803746322
+6281805334732
+6281933166234
+6281917007510
+6281933146611
+6281933150433
+6281936213073
+6285792452860
+6281915928321
+6285935120411
+6287863555732
+6281936526527
+6281237167818
+6281805425857
+6281917800130
+6281933130011
+6285936142558
