+6287879181626
+6287720774501
+6285759005110
+6285759451262
+6287879215854
+6281806827407
+6281804720707
+6287737501755
+6285925158008
+6285846503065
+6287837278866
+6281903504725
+6281519106883
+6287779974846
+6281912453774
+6281903185275
+6287879206586
+6287779310143
+6287779187825
+6283814530284
+6285215036066
+6281802803366
+6281903225235
+6281906770835
+6281911965646
+6281906867773
+6281212017388
+6285923212763
+6281802820315
+6281220214016
+6281903224037
+6285780335785
+6287779188740
+6287837220008
+6281299412786
+6281903391273
+6281717181163
+6287737031230
+6287720743201
+6281906133555
+6281219310748
+6287779054321
+6287779272543
+6281912905314
+6287879164148
+6285724387400
+6287737187531
+6287719660361
+6287837282755
+6281646847646
+6281903182238
+6283823058671
+6281914911311
+6287737412605
+6281546075078
+6281912608643
+6281905812233
+6285720013347
+6282111151142
+6282130704582
