+6287737451380
+6282113856750
+6281298538445
+6287879211478
+6287779126200
+6287772270458
+6285921520761
+6285221810844
+6287879672147
+6281323270572
+6281905531430
+6285863554222
+6287837396756
+6281906137304
+6287829940565
+6287779060003
+6285724183418
+6281912471086
+6287779084864
+6281903597321
+6281211800105
+6282111485036
+6281906677547
+6287820300003
+6285693028253
+6287779182808
+6282114674273
+6287879105011
+6287737424227
+6287779001318
+6287829328752
+6283823067512
+6287879152036
+6287879187148
+6281906710870
+6281912403355
+6285724313452
+6285920627647
+6281213535387
+6281324772103
+6281219482522
+6281932448613
+6281908654074
+6281804875558
+6283823306400
+6281298708773
+6285924074252
+6281808826433
+6287779144034
+6281905912247
+6281903566603
