+6285218114111
+6287879126250
+6281221203131
+6281906651166
+6281914956642
+6281931100572
+6281903225110
+6287779077547
+6285924241604
+6281931150102
+6281931475740
+6281224665781
+6287737067520
+6287837343407
+6287879232016
+6285924143678
+6281903295527
+6285920754177
+6287879002614
+6281947362311
+6281212578788
+6281906388471
+6287737590340
+6281903121264
+6281910545828
+6281903346002
+6281804821010
+6281313021188
+6281906724803
+6285722711518
+6285720241163
+6285721445884
+6287879134832
+6281220805215
+6281931833486
+6285924246654
+6287779014275
+6287879176082
+6282111048502
+6287779110755
+6287879520213
+6281321086851
+6285920736231
+6281312014563
+6285216584128
+6281912754860
+6285216483358
+6285862673845
+6287779163335
+6281546811048
+6283827366624
+6287737416736
+6281804725847
+6285210235771
+6285846431477
+6285881680118
+6285759915435
+6287837283574
+6287720838300
+6285724282450
+6281912401603
+6287871800637
+6287837488227
+6285721163401
+6287884871555
+6281320704835
+6283812106208
+6287720842484
+6287879314651
+6287837407468
+6281912617668
+6281511682315
+6287879164217
+6285222202124
+6287828662023
+6281912767607
+6287879163263
+6285224243714
+6287737412226
+6287779271680
+6287837165513
+6287837107106
+6281903550066
+6281905914037
+6285814646207
+6282116768702
+6287727738870
+6287779332214
+6281905625620
+6285860643700
