+6285868575882
+6287837333335
+6287719576767
+6285870237640
+6281915050340
+6281915191183
+6287837254713
+6287833423678
+6287837722265
+6285742738535
+6287837274007
+6285742773617
+6287833926083
+6287717231537
+6285725000147
+6287737178670
+6287833876703
+6281903576521
+6287733255481
+6287717316753
+6281393568547
+6287733947246
+6285642373812
+6285647443075
+6285868414640
+6287735293833
+6287715248886
+6287733756744
+6287833732857
+6281578582840
+6285725116023
+6287719662335
+6287719336337
+6287732605161
+6281903080312
+6287737438317
+6281903513460
+6287746041616
+6287837553357
+6285725217400
+6287715163007
+6287831964413
+6287742123073
+6283869076351
+6287837652324
+6287735347683
+6287733280504
+6287715066188
+6281804720408
+6287737412576
+6287728601060
+6285229786317
+6287831242656
+6285642572428
+6287737260027
+6285868380717
+6285725424237
+6287719668768
+6287837651180
+6287831555687
+6287746456527
+6287831351283
+6283129348232
+6281804847440
+6287837958124
+6281578951668
+6285228756350
