+6281575505443
+6287717245405
+6287837732873
+6287837731216
+6287831221501
+6287833738686
+6287717235384
+6285642700057
+6287732934600
+6281918725758
+6287715350312
+6281578117271
+6285727821650
+6287836143454
+6287732920380
+6285642808505
+6281226143037
+6287719305333
+6285842331556
+6281904762021
+6285640036236
+6287837898428
+6281914941866
+6281904700760
+6287737744184
+6285842101221
+6287837221867
+6287733830366
+6281914055481
+6285865662240
+6281915020222
+6287831553713
+6287732770135
+6285870602772
+6287837133464
+6285642010332
+6287833234552
+6281919876537
+6285228744447
+6287719576736
