+6287837151478
+6281223673227
+6285925137682
+6283890517354
+6287779261504
+6287837484177
+6282118061822
+6285323738585
+6281222327188
+6282112421456
+6287879161454
+6287779382356
+6287772071035
+6281903005667
+6287737464700
+6281563221020
+6281911777278
+6287719411450
+6285724008448
+6287827240300
+6287879560456
+6281903200003
+6287879126336
+6281804835313
+6285759405116
+6281806332421
+6281903221802
+6287837383618
+6285724130100
+6281517026652
+6281219536633
+6285944626880
+6287719575147
+6282112314442
+6281912436000
+6285759878324
