+6285822607344
+6285350231003
+6281934503777
+6285651027554
+6287810060707
+6285821303401
+6285751146064
+6281528852540
+6281350406576
+6285654300117
+6285654300610
+6285252147677
+6281522621515
+6281350083558
+6285822818204
+6285654183817
+6282153563030
+6285820060821
+6281258334278
+6285349702654
+6281250660667
+6285821947643
+6281953205676
+6287811006354
+6281352420723
+6281953232233
+6287812255006
+6285651055767
+6281528327383
+6287817944544
+6285245032705
+6281522910418
+6285821975627
+6285822604243
+6287815657776
+6281952914553
+6285822805882
+6281351555700
+6285654514084
+6285822666323
+6285651267708
+6285651344121
+6281348827077
+6287819337461
