+6287837953081
+6281903546077
+6287728575546
+6285642166271
+6285229361164
+6287837764540
+6281390283012
+6281578465165
+6287831326766
+6281578748767
+6285225756753
+6285642811178
+6281915063755
+6287737858408
+6287836283440
+6281903327454
+6287833987833
+6285868415331
+6287732580888
+6287837257142
+6287831657634
+6285647555050
+6281903566613
+6287715236005
+6281327612724
+6287737683826
+6281392615562
+6287715237355
+6287736912301
+6287717247461
+6287833666617
+6285868417765
+6287733201012
+6287737626428
+6287715005027
+6287715258646
+6287737877585
+6287733967303
+6287837047654
+6287732974317
+6281902815312
+6287746147344
+6287833990432
+6287833455035
+6281393150416
+6287717436384
+6285866856040
+6287837334546
+6282135471545
+6285725202081
+6285642054846
+6281914212746
+6287833130555
+6287719386662
+6287735347802
+6285325263077
+6285944632860
+6281915238603
+6285725433440
+6281903386303
+6287733951122
+6287831715620
+6287715013577
+6285642727535
+6287733616780
+6287733661514
+6285870355516
+6281804703438
+6285729164570
+6285227673555
+6287715310254
+6287737664046
+6282137874245
+6285868081681
+6287719348781
+6285727700260
+6281804764610
+6285868637070
+6287837142705
+6287735304318
+6287837887688
+6287834875741
+6287836188723
+6281325171735
+6287733728708
+6287831633632
+6287746431517
+6287833471657
+6287837592463
+6287733975865
+6287715208002
+6287733792127
+6287833063622
+6287715266162
+6287732642546
+6287831594667
+6281919871180
+6287831432448
+6285868377441
+6285642080746
+6281548661405
+6285726337470
+6287837657606
