+6285746185101
+6281944876052
+6285854640620
+6285859114535
+6285855000406
+6285854360540
+6281931886304
+6285330270802
+6281230720430
+6285859256473
+6283151236735
+6287859632086
+6285233651553
+6281615345161
+6281259154315
+6285736950653
+6285646256250
+6285746247404
+6283117028225
+6285646316106
+6281335227206
+6281231633475
+6285746828546
+6281555616560
+6285331487337
+6285736583518
+6285856540615
+6281359827323
+6285645356270
+6285746182510
+6281803831313
+6285648347281
+6287859668281
+6285259186828
+6285745971614
+6281931886020
+6285736444786
+6285854736862
+6285648223611
+6281615021605
+6285735048821
+6281555836618
+6285859151762
+6281556505777
+6285854460575
+6285330460405
+6285259126674
+6283156552177
+6285856127002
+6283854238524
+6285331650052
+6281359702788
+6285853055507
+6281937300462
+6281334520351
+6281235533100
+6281249111000
+6285646113377
+6281555604444
+6281217837574
+6281945985452
+6285646614522
+6285853171615
+6285231221484
+6285730658033
+6285646140444
+6283835357461
+6281933852264
+6285859412161
+6285854080034
+6282139701152
+6285859660660
+6285854477350
+6281555842453
+6287859985452
+6285646506060
+6285231230742
+6285851107402
+6281333461355
+6285755033353
+6285232735266
+6285854076113
+6285655651471
+6285853167410
+6285746210601
+6281217817215
+6281556732542
+6285333402257
+6283159871227
+6281259000852
+6283850352041
+6285335021582
+6283857820776
+6281330478167
+6281259812255
+6285646447400
+6285746222854
+6281334553740
+6285755485016
+6281554334850
+6281230066082
+6287752217168
+6285646126634
+6285335570002
+6281949211516
+6285746245287
+6285736420506
+6281615271220
+6285746100007
+6287759788482
+6285736012806
+6281556533801
+6281803837514
+6285746221206
+6281803835645
+6285746238330
+6281615751551
+6285258466738
+6281553628422
+6285735188581
+6281333315101
+6287859540701
+6285736636455
+6281949347114
+6285646131734
+6285790207336
+6285645386124
+6281559644037
+6285856047057
+6285646430630
+6285735160465
+6287753483570
+6285735065707
+6285736637788
+6285646320720
+6285853163177
+6281556650007
+6281333376525
+6285334588812
+6285259331665
+6281336771511
+6282143333144
+6281556613403
+6281803888884
+6287751668068
+6285646216047
+6283854275512
