+6281914968116
+6287879232332
+6281909415412
+6285921077741
+6281912473415
+6285720517144
+6287879144852
+6287737417874
+6281911918373
+6287779004340
+6281910462000
+6285780603110
+6281214020841
+6285780856732
+6281222218545
+6285861444734
+6281212775856
+6285881125454
+6285924327225
+6287837023052
+6287772882612
+6287737170561
+6281646915337
+6285929012343
+6281905687572
+6281574217406
+6281903005431
+6281519146877
+6281912285886
+6281802815547
+6281806621662
+6283892614728
+6281321028514
+6285219708145
+6287871240040
+6287737187436
+6281914987446
+6281804835756
+6281947224066
+6282113465074
+6287779115816
+6285759014443
+6285724150030
+6281910216511
+6285724027047
+6285711103211
+6287879148602
+6281911221766
+6281906384743
+6287879662541
+6287879172865
+6285320426088
+6287719352304
+6287879037607
+6287779388330
+6281947017280
+6281806666328
+6281903298805
+6287879582746
+6285217200675
+6281312404032
+6287879444877
+6281912450375
+6281908428680
+6287871920657
+6281912790716
+6281912455541
+6287829582148
+6285720003174
+6287837167402
+6281394036673
+6281807585626
+6283862720242
+6281298311702
+6287879810545
+6287779077337
+6287779086070
+6287879280188
+6285924077051
+6285924331012
+6287879060838
+6282111000405
+6282110838836
+6287719376670
+6285781533347
+6281395313123
+6285659055864
+6281646813378
+6287837410663
+6281912473736
+6285864764463
+6281224623504
+6287879563055
+6285222788877
+6285722213517
+6282110668054
+6281212265135
+6287879707713
+6281912663647
+6287779001052
+6281517715581
+6287879527287
+6285724231316
+6281911770788
+6283861317281
+6287879252741
+6285926087758
+6285217758755
+6285659062686
+6281909527647
+6281906833120
+6285759888612
+6281903136188
+6285920561266
+6285322643170
+6285920531017
+6281912704141
+6285213373443
+6287719555557
+6283817048288
+6281212575264
+6285759741611
+6285924074436
+6281804943808
+6281909376012
+6281931100071
+6281804841212
+6281914915758
