+6285859458515
+6283838873816
+6285746204041
+6281938932252
+6285749654250
+6281336701851
+6285646732131
+6285790321152
+6281249801860
+6287855137364
+6285851287214
+6287852263110
+6285259014465
+6285649205320
+6283853308100
+6285736877388
+6283153530584
+6285332630881
+6285735076745
+6285851077655
+6281554432140
+6281233165810
+6285853050161
+6285333381447
+6281230747448
+6281331133171
+6287855567444
+6285746216255
+6285646280348
+6281331560873
+6281332328320
+6281334545758
+6287855648834
+6287850526767
+6285646643137
+6281944084862
+6281217712311
+6281805020001
+6281259280664
+6285854557071
+6281554763017
+6281331064135
+6287759863483
+6285646543517
+6285851116317
+6281931872316
+6283124174067
+6281937735251
+6287759707414
+6285746212811
+6281235426715
+6285859413135
+6281330064634
+6281554273230
+6281334202334
+6281703183300
+6281931881222
+6281556562302
+6285334578646
+6283152220788
+6281231132573
+6285732684234
+6285745978145
+6285646232840
+6285736314714
+6285736366740
+6281249517430
+6285745954628
+6285646662387
+6285746005584
+6281358360527
+6281554217131
+6285736747524
+6281556541100
+6283850330644
+6285646557613
+6285854452543
+6287757422206
+6281335635014
+6285736217008
+6285730734325
+6285230550865
+6281803875034
+6285646234656
+6281555622810
+6285257334328
+6281336556507
+6281945158314
+6281555617650
+6285232850268
+6287856270046
+6285655778331
+6285853034321
+6285745922382
+6281217010086
+6285646265767
+6281233722507
+6287853882716
+6285335733318
+6287750508345
+6285731284758
+6285859155867
+6285853064823
+6285236420886
+6281232662015
+6285233868241
+6281931892121
+6285854214815
+6281931882333
+6287850673245
+6287752272121
+6281331301570
+6285333171328
+6285735161634
+6281330851204
+6285853081362
+6285646265440
+6281333715874
+6281803866677
+6285746200177
+6285645552746
+6285257150370
+6285736872005
+6281335410872
+6287859830681
+6281216411400
+6281913400748
+6287853852810
+6285851388271
+6281556744676
+6281556658383
+6281805562455
+6285736434464
+6281234506773
+6281335187283
+6281803805200
+6282142387411
+6281805017658
+6287859531334
+6282142060122
+6287811615310
+6281944800555
+6285232406726
+6285649702307
+6281249072818
+6281331424776
+6281234162273
+6281233246626
+6287859632000
+6285851151748
+6285790350765
+6281359005687
+6282139402354
+6287756684688
+6281231571814
+6285231058132
+6282140408362
+6285330667663
+6281554341514
+6285735188571
+6281234725072
+6285790316645
+6285736377200
+6281803827273
+6287857270225
+6283116022865
+6281615683726
+6281230104414
+6281931894548
+6281615282300
+6285746084016
+6281931846746
+6281615132270
+6281615055564
+6281931884130
+6285853174450
+6285335630561
+6287859275720
+6285736472165
+6281249874168
+6287859324460
+6281553648485
+6285790305100
+6281945925888
+6281615652480
+6281556653855
+6281938707384
+6281217634726
+6283857368258
+6281259301840
+6281249200444
+6285859385678
+6281331486724
+6281615060870
+6283157743844
+6287853765652
+6281556737484
+6285746152157
+6281803857283
